A matrix:
[[ 1.  ,  0.  ,  0.  ,  0.  ,  0.  ,  0.  ,  0.  ,  0.  ,  0.  ,  0.  ,
   0.  ,  0.  ,  0.  ,  0.  ,  0.  ,  0.  ,  0.  ,  0.  ,  0.  ,  0.  ,
   0.  ,  0.  ,  0.  ,  0.  ,  0.  ],
 [-0.5 ,  1.19, -0.4 ,  0.  ,  0.  ,  0.  , -0.29,  0.  ,  0.  ,  0.  ,
   0.  ,  0.  ,  0.  ,  0.  ,  0.  ,  0.  ,  0.  ,  0.  ,  0.  ,  0.  ,
   0.  ,  0.  ,  0.  ,  0.  ,  0.  ],
 [ 0.  , -0.4 ,  0.98, -0.33,  0.  ,  0.  ,  0.  , -0.25,  0.  ,  0.  ,
   0.  ,  0.  ,  0.  ,  0.  ,  0.  ,  0.  ,  0.  ,  0.  ,  0.  ,  0.  ,
   0.  ,  0.  ,  0.  ,  0.  ,  0.  ],
 [ 0.  ,  0.  , -0.33,  1.07, -0.4 ,  0.  ,  0.  ,  0.  , -0.33,  0.  ,
   0.  ,  0.  ,  0.  ,  0.  ,  0.  ,  0.  ,  0.  ,  0.  ,  0.  ,  0.  ,
   0.  ,  0.  ,  0.  ,  0.  ,  0.  ],
 [ 0.  ,  0.  ,  0.  , -0.4 ,  0.69,  0.  ,  0.  ,  0.  ,  0.  , -0.29,
   0.  ,  0.  ,  0.  ,  0.  ,  0.  ,  0.  ,  0.  ,  0.  ,  0.  ,  0.  ,
   0.  ,  0.  ,  0.  ,  0.  ,  0.  ],
 [-0.33,  0.  ,  0.  ,  0.  ,  0.  ,  1.08, -0.25,  0.  ,  0.  ,  0.  ,
  -0.5 ,  0.  ,  0.  ,  0.  ,  0.  ,  0.  ,  0.  ,  0.  ,  0.  ,  0.  ,
   0.  ,  0.  ,  0.  ,  0.  ,  0.  ],
 [ 0.  , -0.29,  0.  ,  0.  ,  0.  , -0.25,  1.22, -0.4 ,  0.  ,  0.  ,
   0.  , -0.29,  0.  ,  0.  ,  0.  ,  0.  ,  0.  ,  0.  ,  0.  ,  0.  ,
   0.  ,  0.  ,  0.  ,  0.  ,  0.  ],
 [ 0.  ,  0.  , -0.25,  0.  ,  0.  ,  0.  , -0.4 ,  1.23, -0.33,  0.  ,
   0.  ,  0.  , -0.25,  0.  ,  0.  ,  0.  ,  0.  ,  0.  ,  0.  ,  0.  ,
   0.  ,  0.  ,  0.  ,  0.  ,  0.  ],
 [ 0.  ,  0.  ,  0.  , -0.33,  0.  ,  0.  ,  0.  , -0.33,  1.4 , -0.4 ,
   0.  ,  0.  ,  0.  , -0.33,  0.  ,  0.  ,  0.  ,  0.  ,  0.  ,  0.  ,
   0.  ,  0.  ,  0.  ,  0.  ,  0.  ],
 [ 0.  ,  0.  ,  0.  ,  0.  , -0.29,  0.  ,  0.  ,  0.  , -0.4 ,  0.97,
   0.  ,  0.  ,  0.  ,  0.  , -0.29,  0.  ,  0.  ,  0.  ,  0.  ,  0.  ,
   0.  ,  0.  ,  0.  ,  0.  ,  0.  ],
 [ 0.  ,  0.  ,  0.  ,  0.  ,  0.  , -0.5 ,  0.  ,  0.  ,  0.  ,  0.  ,
   1.25, -0.25,  0.  ,  0.  ,  0.  , -0.5 ,  0.  ,  0.  ,  0.  ,  0.  ,
   0.  ,  0.  ,  0.  ,  0.  ,  0.  ],
 [ 0.  ,  0.  ,  0.  ,  0.  ,  0.  ,  0.  , -0.29,  0.  ,  0.  ,  0.  ,
  -0.25,  1.22, -0.4 ,  0.  ,  0.  ,  0.  , -0.29,  0.  ,  0.  ,  0.  ,
   0.  ,  0.  ,  0.  ,  0.  ,  0.  ],
 [ 0.  ,  0.  ,  0.  ,  0.  ,  0.  ,  0.  ,  0.  , -0.25,  0.  ,  0.  ,
   0.  , -0.4 ,  1.23, -0.33,  0.  ,  0.  ,  0.  , -0.25,  0.  ,  0.  ,
   0.  ,  0.  ,  0.  ,  0.  ,  0.  ],
 [ 0.  ,  0.  ,  0.  ,  0.  ,  0.  ,  0.  ,  0.  ,  0.  , -0.33,  0.  ,
   0.  ,  0.  , -0.33,  1.4 , -0.4 ,  0.  ,  0.  ,  0.  , -0.33,  0.  ,
   0.  ,  0.  ,  0.  ,  0.  ,  0.  ],
 [ 0.  ,  0.  ,  0.  ,  0.  ,  0.  ,  0.  ,  0.  ,  0.  ,  0.  , -0.29,
   0.  ,  0.  ,  0.  , -0.4 ,  0.97,  0.  ,  0.  ,  0.  ,  0.  , -0.29,
   0.  ,  0.  ,  0.  ,  0.  ,  0.  ],
 [ 0.  ,  0.  ,  0.  ,  0.  ,  0.  ,  0.  ,  0.  ,  0.  ,  0.  ,  0.  ,
  -0.5 ,  0.  ,  0.  ,  0.  ,  0.  ,  1.25, -0.25,  0.  ,  0.  ,  0.  ,
  -0.5 ,  0.  ,  0.  ,  0.  ,  0.  ],
 [ 0.  ,  0.  ,  0.  ,  0.  ,  0.  ,  0.  ,  0.  ,  0.  ,  0.  ,  0.  ,
   0.  , -0.29,  0.  ,  0.  ,  0.  , -0.25,  1.22, -0.4 ,  0.  ,  0.  ,
   0.  , -0.29,  0.  ,  0.  ,  0.  ],
 [ 0.  ,  0.  ,  0.  ,  0.  ,  0.  ,  0.  ,  0.  ,  0.  ,  0.  ,  0.  ,
   0.  ,  0.  , -0.25,  0.  ,  0.  ,  0.  , -0.4 ,  1.23, -0.33,  0.  ,
   0.  ,  0.  , -0.25,  0.  ,  0.  ],
 [ 0.  ,  0.  ,  0.  ,  0.  ,  0.  ,  0.  ,  0.  ,  0.  ,  0.  ,  0.  ,
   0.  ,  0.  ,  0.  , -0.33,  0.  ,  0.  ,  0.  , -0.33,  1.4 , -0.4 ,
   0.  ,  0.  ,  0.  , -0.33,  0.  ],
 [ 0.  ,  0.  ,  0.  ,  0.  ,  0.  ,  0.  ,  0.  ,  0.  ,  0.  ,  0.  ,
   0.  ,  0.  ,  0.  ,  0.  , -0.29,  0.  ,  0.  ,  0.  , -0.4 ,  0.97,
   0.  ,  0.  ,  0.  ,  0.  , -0.29],
 [ 0.  ,  0.  ,  0.  ,  0.  ,  0.  ,  0.  ,  0.  ,  0.  ,  0.  ,  0.  ,
   0.  ,  0.  ,  0.  ,  0.  ,  0.  , -0.5 ,  0.  ,  0.  ,  0.  ,  0.  ,
   0.75, -0.25,  0.  ,  0.  ,  0.  ],
 [ 0.  ,  0.  ,  0.  ,  0.  ,  0.  ,  0.  ,  0.  ,  0.  ,  0.  ,  0.  ,
   0.  ,  0.  ,  0.  ,  0.  ,  0.  ,  0.  , -0.29,  0.  ,  0.  ,  0.  ,
  -0.25,  0.94, -0.4 ,  0.  ,  0.  ],
 [ 0.  ,  0.  ,  0.  ,  0.  ,  0.  ,  0.  ,  0.  ,  0.  ,  0.  ,  0.  ,
   0.  ,  0.  ,  0.  ,  0.  ,  0.  ,  0.  ,  0.  , -0.25,  0.  ,  0.  ,
   0.  , -0.4 ,  0.94, -0.29,  0.  ],
 [ 0.  ,  0.  ,  0.  ,  0.  ,  0.  ,  0.  ,  0.  ,  0.  ,  0.  ,  0.  ,
   0.  ,  0.  ,  0.  ,  0.  ,  0.  ,  0.  ,  0.  ,  0.  , -0.33,  0.  ,
   0.  ,  0.  , -0.29,  0.95, -0.33],
 [ 0.  ,  0.  ,  0.  ,  0.  ,  0.  ,  0.  ,  0.  ,  0.  ,  0.  ,  0.  ,
   0.  ,  0.  ,  0.  ,  0.  ,  0.  ,  0.  ,  0.  ,  0.  ,  0.  ,  0.  ,
   0.  ,  0.  ,  0.  ,  0.  ,  1.  ]]

L matrix:
[[ 1.  ,  0.  ,  0.  ,  0.  ,  0.  ,  0.  ,  0.  ,  0.  ,  0.  ,  0.  ,
   0.  ,  0.  ,  0.  ,  0.  ,  0.  ,  0.  ,  0.  ,  0.  ,  0.  ,  0.  ,
   0.  ,  0.  ,  0.  ,  0.  ,  0.  ],
 [-0.5 ,  1.  ,  0.  ,  0.  ,  0.  ,  0.  ,  0.  ,  0.  ,  0.  ,  0.  ,
   0.  ,  0.  ,  0.  ,  0.  ,  0.  ,  0.  ,  0.  ,  0.  ,  0.  ,  0.  ,
   0.  ,  0.  ,  0.  ,  0.  ,  0.  ],
 [ 0.  , -0.34,  1.  ,  0.  ,  0.  ,  0.  ,  0.  ,  0.  ,  0.  ,  0.  ,
   0.  ,  0.  ,  0.  ,  0.  ,  0.  ,  0.  ,  0.  ,  0.  ,  0.  ,  0.  ,
   0.  ,  0.  ,  0.  ,  0.  ,  0.  ],
 [ 0.  ,  0.  , -0.39,  1.  ,  0.  ,  0.  ,  0.  ,  0.  ,  0.  ,  0.  ,
   0.  ,  0.  ,  0.  ,  0.  ,  0.  ,  0.  ,  0.  ,  0.  ,  0.  ,  0.  ,
   0.  ,  0.  ,  0.  ,  0.  ,  0.  ],
 [ 0.  ,  0.  ,  0.  , -0.43,  1.  ,  0.  ,  0.  ,  0.  ,  0.  ,  0.  ,
   0.  ,  0.  ,  0.  ,  0.  ,  0.  ,  0.  ,  0.  ,  0.  ,  0.  ,  0.  ,
   0.  ,  0.  ,  0.  ,  0.  ,  0.  ],
 [-0.33,  0.  ,  0.  ,  0.  ,  0.  ,  1.  ,  0.  ,  0.  ,  0.  ,  0.  ,
   0.  ,  0.  ,  0.  ,  0.  ,  0.  ,  0.  ,  0.  ,  0.  ,  0.  ,  0.  ,
   0.  ,  0.  ,  0.  ,  0.  ,  0.  ],
 [ 0.  , -0.24, -0.11, -0.04, -0.03, -0.23,  1.  ,  0.  ,  0.  ,  0.  ,
   0.  ,  0.  ,  0.  ,  0.  ,  0.  ,  0.  ,  0.  ,  0.  ,  0.  ,  0.  ,
   0.  ,  0.  ,  0.  ,  0.  ,  0.  ],
 [ 0.  ,  0.  , -0.29, -0.1 , -0.08,  0.  , -0.4 ,  1.  ,  0.  ,  0.  ,
   0.  ,  0.  ,  0.  ,  0.  ,  0.  ,  0.  ,  0.  ,  0.  ,  0.  ,  0.  ,
   0.  ,  0.  ,  0.  ,  0.  ,  0.  ],
 [ 0.  ,  0.  ,  0.  , -0.36, -0.28,  0.  , -0.02, -0.4 ,  1.  ,  0.  ,
   0.  ,  0.  ,  0.  ,  0.  ,  0.  ,  0.  ,  0.  ,  0.  ,  0.  ,  0.  ,
   0.  ,  0.  ,  0.  ,  0.  ,  0.  ],
 [ 0.  ,  0.  ,  0.  ,  0.  , -0.56,  0.  , -0.01, -0.03, -0.45,  1.  ,
   0.  ,  0.  ,  0.  ,  0.  ,  0.  ,  0.  ,  0.  ,  0.  ,  0.  ,  0.  ,
   0.  ,  0.  ,  0.  ,  0.  ,  0.  ],
 [ 0.  ,  0.  ,  0.  ,  0.  ,  0.  , -0.46, -0.11, -0.05, -0.02, -0.02,
   1.  ,  0.  ,  0.  ,  0.  ,  0.  ,  0.  ,  0.  ,  0.  ,  0.  ,  0.  ,
   0.  ,  0.  ,  0.  ,  0.  ,  0.  ],
 [ 0.  ,  0.  ,  0.  ,  0.  ,  0.  ,  0.  , -0.26, -0.12, -0.05, -0.05,
  -0.29,  1.  ,  0.  ,  0.  ,  0.  ,  0.  ,  0.  ,  0.  ,  0.  ,  0.  ,
   0.  ,  0.  ,  0.  ,  0.  ,  0.  ],
 [ 0.  ,  0.  ,  0.  ,  0.  ,  0.  ,  0.  ,  0.  , -0.26, -0.09, -0.09,
  -0.01, -0.42,  1.  ,  0.  ,  0.  ,  0.  ,  0.  ,  0.  ,  0.  ,  0.  ,
   0.  ,  0.  ,  0.  ,  0.  ,  0.  ],
 [ 0.  ,  0.  ,  0.  ,  0.  ,  0.  ,  0.  ,  0.  ,  0.  , -0.31, -0.25,
  -0.01, -0.02, -0.4 ,  1.  ,  0.  ,  0.  ,  0.  ,  0.  ,  0.  ,  0.  ,
   0.  ,  0.  ,  0.  ,  0.  ,  0.  ],
 [ 0.  ,  0.  ,  0.  ,  0.  ,  0.  ,  0.  ,  0.  ,  0.  ,  0.  , -0.48,
  -0.01, -0.01, -0.03, -0.44,  1.  ,  0.  ,  0.  ,  0.  ,  0.  ,  0.  ,
   0.  ,  0.  ,  0.  ,  0.  ,  0.  ],
 [ 0.  ,  0.  ,  0.  ,  0.  ,  0.  ,  0.  ,  0.  ,  0.  ,  0.  ,  0.  ,
  -0.5 , -0.14, -0.07, -0.03, -0.04,  1.  ,  0.  ,  0.  ,  0.  ,  0.  ,
   0.  ,  0.  ,  0.  ,  0.  ,  0.  ],
 [ 0.  ,  0.  ,  0.  ,  0.  ,  0.  ,  0.  ,  0.  ,  0.  ,  0.  ,  0.  ,
   0.  , -0.27, -0.12, -0.05, -0.05, -0.31,  1.  ,  0.  ,  0.  ,  0.  ,
   0.  ,  0.  ,  0.  ,  0.  ,  0.  ],
 [ 0.  ,  0.  ,  0.  ,  0.  ,  0.  ,  0.  ,  0.  ,  0.  ,  0.  ,  0.  ,
   0.  ,  0.  , -0.26, -0.09, -0.08, -0.02, -0.43,  1.  ,  0.  ,  0.  ,
   0.  ,  0.  ,  0.  ,  0.  ,  0.  ],
 [ 0.  ,  0.  ,  0.  ,  0.  ,  0.  ,  0.  ,  0.  ,  0.  ,  0.  ,  0.  ,
   0.  ,  0.  ,  0.  , -0.3 , -0.24, -0.02, -0.03, -0.4 ,  1.  ,  0.  ,
   0.  ,  0.  ,  0.  ,  0.  ,  0.  ],
 [ 0.  ,  0.  ,  0.  ,  0.  ,  0.  ,  0.  ,  0.  ,  0.  ,  0.  ,  0.  ,
   0.  ,  0.  ,  0.  ,  0.  , -0.46, -0.01, -0.02, -0.03, -0.44,  1.  ,
   0.  ,  0.  ,  0.  ,  0.  ,  0.  ],
 [ 0.  ,  0.  ,  0.  ,  0.  ,  0.  ,  0.  ,  0.  ,  0.  ,  0.  ,  0.  ,
   0.  ,  0.  ,  0.  ,  0.  ,  0.  , -0.51, -0.15, -0.08, -0.04, -0.05,
   1.  ,  0.  ,  0.  ,  0.  ,  0.  ],
 [ 0.  ,  0.  ,  0.  ,  0.  ,  0.  ,  0.  ,  0.  ,  0.  ,  0.  ,  0.  ,
   0.  ,  0.  ,  0.  ,  0.  ,  0.  ,  0.  , -0.28, -0.13, -0.05, -0.05,
  -0.67,  1.  ,  0.  ,  0.  ,  0.  ],
 [ 0.  ,  0.  ,  0.  ,  0.  ,  0.  ,  0.  ,  0.  ,  0.  ,  0.  ,  0.  ,
   0.  ,  0.  ,  0.  ,  0.  ,  0.  ,  0.  ,  0.  , -0.26, -0.09, -0.08,
  -0.06, -0.72,  1.  ,  0.  ,  0.  ],
 [ 0.  ,  0.  ,  0.  ,  0.  ,  0.  ,  0.  ,  0.  ,  0.  ,  0.  ,  0.  ,
   0.  ,  0.  ,  0.  ,  0.  ,  0.  ,  0.  ,  0.  ,  0.  , -0.3 , -0.23,
  -0.04, -0.06, -0.68,  1.  ,  0.  ],
 [ 0.  ,  0.  ,  0.  ,  0.  ,  0.  ,  0.  ,  0.  ,  0.  ,  0.  ,  0.  ,
   0.  ,  0.  ,  0.  ,  0.  ,  0.  ,  0.  ,  0.  ,  0.  ,  0.  ,  0.  ,
   0.  ,  0.  ,  0.  ,  0.  ,  1.  ]]

U matrix:
[[ 1.  ,  0.  ,  0.  ,  0.  ,  0.  ,  0.  ,  0.  ,  0.  ,  0.  ,  0.  ,
   0.  ,  0.  ,  0.  ,  0.  ,  0.  ,  0.  ,  0.  ,  0.  ,  0.  ,  0.  ,
   0.  ,  0.  ,  0.  ,  0.  ,  0.  ],
 [ 0.  ,  1.19, -0.4 ,  0.  ,  0.  ,  0.  , -0.29,  0.  ,  0.  ,  0.  ,
   0.  ,  0.  ,  0.  ,  0.  ,  0.  ,  0.  ,  0.  ,  0.  ,  0.  ,  0.  ,
   0.  ,  0.  ,  0.  ,  0.  ,  0.  ],
 [ 0.  ,  0.  ,  0.85, -0.33,  0.  ,  0.  , -0.1 , -0.25,  0.  ,  0.  ,
   0.  ,  0.  ,  0.  ,  0.  ,  0.  ,  0.  ,  0.  ,  0.  ,  0.  ,  0.  ,
   0.  ,  0.  ,  0.  ,  0.  ,  0.  ],
 [ 0.  ,  0.  ,  0.  ,  0.94, -0.4 ,  0.  , -0.04, -0.1 , -0.33,  0.  ,
   0.  ,  0.  ,  0.  ,  0.  ,  0.  ,  0.  ,  0.  ,  0.  ,  0.  ,  0.  ,
   0.  ,  0.  ,  0.  ,  0.  ,  0.  ],
 [ 0.  ,  0.  ,  0.  ,  0.  ,  0.51,  0.  , -0.02, -0.04, -0.14, -0.29,
   0.  ,  0.  ,  0.  ,  0.  ,  0.  ,  0.  ,  0.  ,  0.  ,  0.  ,  0.  ,
   0.  ,  0.  ,  0.  ,  0.  ,  0.  ],
 [ 0.  ,  0.  ,  0.  ,  0.  ,  0.  ,  1.08, -0.25,  0.  ,  0.  ,  0.  ,
  -0.5 ,  0.  ,  0.  ,  0.  ,  0.  ,  0.  ,  0.  ,  0.  ,  0.  ,  0.  ,
   0.  ,  0.  ,  0.  ,  0.  ,  0.  ],
 [ 0.  ,  0.  ,  0.  ,  0.  ,  0.  ,  0.  ,  1.08, -0.43, -0.02, -0.01,
  -0.12, -0.29,  0.  ,  0.  ,  0.  ,  0.  ,  0.  ,  0.  ,  0.  ,  0.  ,
   0.  ,  0.  ,  0.  ,  0.  ,  0.  ],
 [ 0.  ,  0.  ,  0.  ,  0.  ,  0.  ,  0.  ,  0.  ,  0.97, -0.39, -0.03,
  -0.05, -0.11, -0.25,  0.  ,  0.  ,  0.  ,  0.  ,  0.  ,  0.  ,  0.  ,
   0.  ,  0.  ,  0.  ,  0.  ,  0.  ],
 [ 0.  ,  0.  ,  0.  ,  0.  ,  0.  ,  0.  ,  0.  ,  0.  ,  1.09, -0.49,
  -0.02, -0.05, -0.1 , -0.33,  0.  ,  0.  ,  0.  ,  0.  ,  0.  ,  0.  ,
   0.  ,  0.  ,  0.  ,  0.  ,  0.  ],
 [ 0.  ,  0.  ,  0.  ,  0.  ,  0.  ,  0.  ,  0.  ,  0.  ,  0.  ,  0.59,
  -0.01, -0.03, -0.05, -0.15, -0.29,  0.  ,  0.  ,  0.  ,  0.  ,  0.  ,
   0.  ,  0.  ,  0.  ,  0.  ,  0.  ],
 [ 0.  ,  0.  ,  0.  ,  0.  ,  0.  ,  0.  ,  0.  ,  0.  ,  0.  ,  0.  ,
   1.  , -0.29, -0.01, -0.01, -0.01, -0.5 ,  0.  ,  0.  ,  0.  ,  0.  ,
   0.  ,  0.  ,  0.  ,  0.  ,  0.  ],
 [ 0.  ,  0.  ,  0.  ,  0.  ,  0.  ,  0.  ,  0.  ,  0.  ,  0.  ,  0.  ,
   0.  ,  1.05, -0.44, -0.03, -0.02, -0.14, -0.29,  0.  ,  0.  ,  0.  ,
   0.  ,  0.  ,  0.  ,  0.  ,  0.  ],
 [ 0.  ,  0.  ,  0.  ,  0.  ,  0.  ,  0.  ,  0.  ,  0.  ,  0.  ,  0.  ,
   0.  ,  0.  ,  0.97, -0.39, -0.03, -0.07, -0.12, -0.25,  0.  ,  0.  ,
   0.  ,  0.  ,  0.  ,  0.  ,  0.  ],
 [ 0.  ,  0.  ,  0.  ,  0.  ,  0.  ,  0.  ,  0.  ,  0.  ,  0.  ,  0.  ,
   0.  ,  0.  ,  0.  ,  1.1 , -0.49, -0.04, -0.06, -0.1 , -0.33,  0.  ,
   0.  ,  0.  ,  0.  ,  0.  ,  0.  ],
 [ 0.  ,  0.  ,  0.  ,  0.  ,  0.  ,  0.  ,  0.  ,  0.  ,  0.  ,  0.  ,
   0.  ,  0.  ,  0.  ,  0.  ,  0.62, -0.02, -0.03, -0.05, -0.15, -0.29,
   0.  ,  0.  ,  0.  ,  0.  ,  0.  ],
 [ 0.  ,  0.  ,  0.  ,  0.  ,  0.  ,  0.  ,  0.  ,  0.  ,  0.  ,  0.  ,
   0.  ,  0.  ,  0.  ,  0.  ,  0.  ,  0.97, -0.3 , -0.02, -0.02, -0.01,
  -0.5 ,  0.  ,  0.  ,  0.  ,  0.  ],
 [ 0.  ,  0.  ,  0.  ,  0.  ,  0.  ,  0.  ,  0.  ,  0.  ,  0.  ,  0.  ,
   0.  ,  0.  ,  0.  ,  0.  ,  0.  ,  0.  ,  1.03, -0.45, -0.03, -0.02,
  -0.15, -0.29,  0.  ,  0.  ,  0.  ],
 [ 0.  ,  0.  ,  0.  ,  0.  ,  0.  ,  0.  ,  0.  ,  0.  ,  0.  ,  0.  ,
   0.  ,  0.  ,  0.  ,  0.  ,  0.  ,  0.  ,  0.  ,  0.96, -0.39, -0.03,
  -0.08, -0.12, -0.25,  0.  ,  0.  ],
 [ 0.  ,  0.  ,  0.  ,  0.  ,  0.  ,  0.  ,  0.  ,  0.  ,  0.  ,  0.  ,
   0.  ,  0.  ,  0.  ,  0.  ,  0.  ,  0.  ,  0.  ,  0.  ,  1.11, -0.48,
  -0.04, -0.06, -0.1 , -0.33,  0.  ],
 [ 0.  ,  0.  ,  0.  ,  0.  ,  0.  ,  0.  ,  0.  ,  0.  ,  0.  ,  0.  ,
   0.  ,  0.  ,  0.  ,  0.  ,  0.  ,  0.  ,  0.  ,  0.  ,  0.  ,  0.63,
  -0.03, -0.03, -0.05, -0.15, -0.29],
 [ 0.  ,  0.  ,  0.  ,  0.  ,  0.  ,  0.  ,  0.  ,  0.  ,  0.  ,  0.  ,
   0.  ,  0.  ,  0.  ,  0.  ,  0.  ,  0.  ,  0.  ,  0.  ,  0.  ,  0.  ,
   0.46, -0.31, -0.03, -0.02, -0.01],
 [ 0.  ,  0.  ,  0.  ,  0.  ,  0.  ,  0.  ,  0.  ,  0.  ,  0.  ,  0.  ,
   0.  ,  0.  ,  0.  ,  0.  ,  0.  ,  0.  ,  0.  ,  0.  ,  0.  ,  0.  ,
   0.  ,  0.63, -0.46, -0.04, -0.02],
 [ 0.  ,  0.  ,  0.  ,  0.  ,  0.  ,  0.  ,  0.  ,  0.  ,  0.  ,  0.  ,
   0.  ,  0.  ,  0.  ,  0.  ,  0.  ,  0.  ,  0.  ,  0.  ,  0.  ,  0.  ,
   0.  ,  0.  ,  0.52, -0.36, -0.04],
 [ 0.  ,  0.  ,  0.  ,  0.  ,  0.  ,  0.  ,  0.  ,  0.  ,  0.  ,  0.  ,
   0.  ,  0.  ,  0.  ,  0.  ,  0.  ,  0.  ,  0.  ,  0.  ,  0.  ,  0.  ,
   0.  ,  0.  ,  0.  ,  0.57, -0.43],
 [ 0.  ,  0.  ,  0.  ,  0.  ,  0.  ,  0.  ,  0.  ,  0.  ,  0.  ,  0.  ,
   0.  ,  0.  ,  0.  ,  0.  ,  0.  ,  0.  ,  0.  ,  0.  ,  0.  ,  0.  ,
   0.  ,  0.  ,  0.  ,  0.  ,  1.  ]]

Node Voltages:
Node 1: 10.00 V
Node 2: 8.27 V
Node 3: 7.03 V
Node 4: 6.08 V
Node 5: 5.72 V
Node 6: 7.79 V
Node 7: 7.00 V
Node 8: 6.29 V
Node 9: 5.55 V
Node 10: 5.22 V
Node 11: 6.71 V
Node 12: 6.02 V
Node 13: 5.42 V
Node 14: 4.68 V
Node 15: 4.27 V
Node 16: 5.97 V
Node 17: 5.26 V
Node 18: 4.59 V
Node 19: 3.57 V
Node 20: 2.73 V
Node 21: 5.59 V
Node 22: 4.83 V
Node 23: 4.04 V
Node 24: 2.46 V
Node 25: 0.00 V

Currents through each link:
Current between Node 1 and Node 2: 0.86 A
Current between Node 1 and Node 6: 0.74 A
Current between Node 2 and Node 3: 0.50 A
Current between Node 2 and Node 7: 0.36 A
Current between Node 3 and Node 4: 0.32 A
Current between Node 3 and Node 8: 0.18 A
Current between Node 4 and Node 5: 0.14 A
Current between Node 4 and Node 9: 0.17 A
Current between Node 5 and Node 10: 0.14 A
Current between Node 6 and Node 7: 0.20 A
Current between Node 6 and Node 11: 0.54 A
Current between Node 7 and Node 8: 0.28 A
Current between Node 7 and Node 12: 0.28 A
Current between Node 8 and Node 9: 0.25 A
Current between Node 8 and Node 13: 0.22 A
Current between Node 9 and Node 10: 0.13 A
Current between Node 9 and Node 14: 0.29 A
Current between Node 10 and Node 15: 0.27 A
Current between Node 11 and Node 12: 0.17 A
Current between Node 11 and Node 16: 0.37 A
Current between Node 12 and Node 13: 0.24 A
Current between Node 12 and Node 17: 0.22 A
Current between Node 13 and Node 14: 0.25 A
Current between Node 13 and Node 18: 0.21 A
Current between Node 14 and Node 15: 0.17 A
Current between Node 14 and Node 19: 0.37 A
Current between Node 15 and Node 20: 0.44 A
Current between Node 16 and Node 17: 0.18 A
Current between Node 16 and Node 21: 0.19 A
Current between Node 17 and Node 18: 0.27 A
Current between Node 17 and Node 22: 0.12 A
Current between Node 18 and Node 19: 0.34 A
Current between Node 18 and Node 23: 0.14 A
Current between Node 19 and Node 20: 0.34 A
Current between Node 19 and Node 24: 0.37 A
Current between Node 20 and Node 25: 0.78 A
Current between Node 21 and Node 22: 0.19 A
Current between Node 22 and Node 23: 0.31 A
Current between Node 23 and Node 24: 0.45 A
Current between Node 24 and Node 25: 0.82 A

