A matrix:
[[ 1.  ,  0.  ,  0.  ,  0.  ,  0.  ,  0.  ,  0.  ,  0.  ,  0.  ,  0.  ,
   0.  ,  0.  ,  0.  ,  0.  ,  0.  ,  0.  ,  0.  ,  0.  ,  0.  ,  0.  ,
   0.  ,  0.  ,  0.  ,  0.  ,  0.  ],
 [-0.5 ,  1.19, -0.4 ,  0.  ,  0.  ,  0.  , -0.29,  0.  ,  0.  ,  0.  ,
   0.  ,  0.  ,  0.  ,  0.  ,  0.  ,  0.  ,  0.  ,  0.  ,  0.  ,  0.  ,
   0.  ,  0.  ,  0.  ,  0.  ,  0.  ],
 [ 0.  , -0.4 ,  0.98, -0.33,  0.  ,  0.  ,  0.  , -0.25,  0.  ,  0.  ,
   0.  ,  0.  ,  0.  ,  0.  ,  0.  ,  0.  ,  0.  ,  0.  ,  0.  ,  0.  ,
   0.  ,  0.  ,  0.  ,  0.  ,  0.  ],
 [ 0.  ,  0.  , -0.33,  1.07, -0.4 ,  0.  ,  0.  ,  0.  , -0.33,  0.  ,
   0.  ,  0.  ,  0.  ,  0.  ,  0.  ,  0.  ,  0.  ,  0.  ,  0.  ,  0.  ,
   0.  ,  0.  ,  0.  ,  0.  ,  0.  ],
 [ 0.  ,  0.  ,  0.  , -0.4 ,  0.69,  0.  ,  0.  ,  0.  ,  0.  , -0.29,
   0.  ,  0.  ,  0.  ,  0.  ,  0.  ,  0.  ,  0.  ,  0.  ,  0.  ,  0.  ,
   0.  ,  0.  ,  0.  ,  0.  ,  0.  ],
 [-0.33,  0.  ,  0.  ,  0.  ,  0.  ,  1.08, -0.25,  0.  ,  0.  ,  0.  ,
  -0.5 ,  0.  ,  0.  ,  0.  ,  0.  ,  0.  ,  0.  ,  0.  ,  0.  ,  0.  ,
   0.  ,  0.  ,  0.  ,  0.  ,  0.  ],
 [ 0.  , -0.29,  0.  ,  0.  ,  0.  , -0.25,  1.22, -0.4 ,  0.  ,  0.  ,
   0.  , -0.29,  0.  ,  0.  ,  0.  ,  0.  ,  0.  ,  0.  ,  0.  ,  0.  ,
   0.  ,  0.  ,  0.  ,  0.  ,  0.  ],
 [ 0.  ,  0.  , -0.25,  0.  ,  0.  ,  0.  , -0.4 ,  1.23, -0.33,  0.  ,
   0.  ,  0.  , -0.25,  0.  ,  0.  ,  0.  ,  0.  ,  0.  ,  0.  ,  0.  ,
   0.  ,  0.  ,  0.  ,  0.  ,  0.  ],
 [ 0.  ,  0.  ,  0.  , -0.33,  0.  ,  0.  ,  0.  , -0.33,  1.4 , -0.4 ,
   0.  ,  0.  ,  0.  , -0.33,  0.  ,  0.  ,  0.  ,  0.  ,  0.  ,  0.  ,
   0.  ,  0.  ,  0.  ,  0.  ,  0.  ],
 [ 0.  ,  0.  ,  0.  ,  0.  , -0.29,  0.  ,  0.  ,  0.  , -0.4 ,  0.97,
   0.  ,  0.  ,  0.  ,  0.  , -0.29,  0.  ,  0.  ,  0.  ,  0.  ,  0.  ,
   0.  ,  0.  ,  0.  ,  0.  ,  0.  ],
 [ 0.  ,  0.  ,  0.  ,  0.  ,  0.  , -0.5 ,  0.  ,  0.  ,  0.  ,  0.  ,
   1.25, -0.25,  0.  ,  0.  ,  0.  , -0.5 ,  0.  ,  0.  ,  0.  ,  0.  ,
   0.  ,  0.  ,  0.  ,  0.  ,  0.  ],
 [ 0.  ,  0.  ,  0.  ,  0.  ,  0.  ,  0.  , -0.29,  0.  ,  0.  ,  0.  ,
  -0.25,  1.22, -0.4 ,  0.  ,  0.  ,  0.  , -0.29,  0.  ,  0.  ,  0.  ,
   0.  ,  0.  ,  0.  ,  0.  ,  0.  ],
 [ 0.  ,  0.  ,  0.  ,  0.  ,  0.  ,  0.  ,  0.  , -0.25,  0.  ,  0.  ,
   0.  , -0.4 ,  1.23, -0.33,  0.  ,  0.  ,  0.  , -0.25,  0.  ,  0.  ,
   0.  ,  0.  ,  0.  ,  0.  ,  0.  ],
 [ 0.  ,  0.  ,  0.  ,  0.  ,  0.  ,  0.  ,  0.  ,  0.  , -0.33,  0.  ,
   0.  ,  0.  , -0.33,  1.4 , -0.4 ,  0.  ,  0.  ,  0.  , -0.33,  0.  ,
   0.  ,  0.  ,  0.  ,  0.  ,  0.  ],
 [ 0.  ,  0.  ,  0.  ,  0.  ,  0.  ,  0.  ,  0.  ,  0.  ,  0.  , -0.29,
   0.  ,  0.  ,  0.  , -0.4 ,  0.97,  0.  ,  0.  ,  0.  ,  0.  , -0.29,
   0.  ,  0.  ,  0.  ,  0.  ,  0.  ],
 [ 0.  ,  0.  ,  0.  ,  0.  ,  0.  ,  0.  ,  0.  ,  0.  ,  0.  ,  0.  ,
  -0.5 ,  0.  ,  0.  ,  0.  ,  0.  ,  1.25, -0.25,  0.  ,  0.  ,  0.  ,
  -0.5 ,  0.  ,  0.  ,  0.  ,  0.  ],
 [ 0.  ,  0.  ,  0.  ,  0.  ,  0.  ,  0.  ,  0.  ,  0.  ,  0.  ,  0.  ,
   0.  , -0.29,  0.  ,  0.  ,  0.  , -0.25,  1.22, -0.4 ,  0.  ,  0.  ,
   0.  , -0.29,  0.  ,  0.  ,  0.  ],
 [ 0.  ,  0.  ,  0.  ,  0.  ,  0.  ,  0.  ,  0.  ,  0.  ,  0.  ,  0.  ,
   0.  ,  0.  , -0.25,  0.  ,  0.  ,  0.  , -0.4 ,  1.23, -0.33,  0.  ,
   0.  ,  0.  , -0.25,  0.  ,  0.  ],
 [ 0.  ,  0.  ,  0.  ,  0.  ,  0.  ,  0.  ,  0.  ,  0.  ,  0.  ,  0.  ,
   0.  ,  0.  ,  0.  , -0.33,  0.  ,  0.  ,  0.  , -0.33,  1.4 , -0.4 ,
   0.  ,  0.  ,  0.  , -0.33,  0.  ],
 [ 0.  ,  0.  ,  0.  ,  0.  ,  0.  ,  0.  ,  0.  ,  0.  ,  0.  ,  0.  ,
   0.  ,  0.  ,  0.  ,  0.  , -0.29,  0.  ,  0.  ,  0.  , -0.4 ,  0.97,
   0.  ,  0.  ,  0.  ,  0.  , -0.29],
 [ 0.  ,  0.  ,  0.  ,  0.  ,  0.  ,  0.  ,  0.  ,  0.  ,  0.  ,  0.  ,
   0.  ,  0.  ,  0.  ,  0.  ,  0.  , -0.5 ,  0.  ,  0.  ,  0.  ,  0.  ,
   0.75, -0.25,  0.  ,  0.  ,  0.  ],
 [ 0.  ,  0.  ,  0.  ,  0.  ,  0.  ,  0.  ,  0.  ,  0.  ,  0.  ,  0.  ,
   0.  ,  0.  ,  0.  ,  0.  ,  0.  ,  0.  , -0.29,  0.  ,  0.  ,  0.  ,
  -0.25,  0.94, -0.4 ,  0.  ,  0.  ],
 [ 0.  ,  0.  ,  0.  ,  0.  ,  0.  ,  0.  ,  0.  ,  0.  ,  0.  ,  0.  ,
   0.  ,  0.  ,  0.  ,  0.  ,  0.  ,  0.  ,  0.  , -0.25,  0.  ,  0.  ,
   0.  , -0.4 ,  0.94, -0.29,  0.  ],
 [ 0.  ,  0.  ,  0.  ,  0.  ,  0.  ,  0.  ,  0.  ,  0.  ,  0.  ,  0.  ,
   0.  ,  0.  ,  0.  ,  0.  ,  0.  ,  0.  ,  0.  ,  0.  , -0.33,  0.  ,
   0.  ,  0.  , -0.29,  0.95, -0.33],
 [ 0.  ,  0.  ,  0.  ,  0.  ,  0.  ,  0.  ,  0.  ,  0.  ,  0.  ,  0.  ,
   0.  ,  0.  ,  0.  ,  0.  ,  0.  ,  0.  ,  0.  ,  0.  ,  0.  ,  0.  ,
   0.  ,  0.  ,  0.  ,  0.  ,  1.  ]]

L matrix:
[[ 1.  ,  0.  ,  0.  ,  0.  ,  0.  ,  0.  ,  0.  ,  0.  ,  0.  ,  0.  ,
   0.  ,  0.  ,  0.  ,  0.  ,  0.  ,  0.  ,  0.  ,  0.  ,  0.  ,  0.  ,
   0.  ,  0.  ,  0.  ,  0.  ,  0.  ],
 [-0.5 ,  1.  ,  0.  ,  0.  ,  0.  ,  0.  ,  0.  ,  0.  ,  0.  ,  0.  ,
   0.  ,  0.  ,  0.  ,  0.  ,  0.  ,  0.  ,  0.  ,  0.  ,  0.  ,  0.  ,
   0.  ,  0.  ,  0.  ,  0.  ,  0.  ],
 [ 0.  , -0.34,  1.  ,  0.  ,  0.  ,  0.  ,  0.  ,  0.  ,  0.  ,  0.  ,
   0.  ,  0.  ,  0.  ,  0.  ,  0.  ,  0.  ,  0.  ,  0.  ,  0.  ,  0.  ,
   0.  ,  0.  ,  0.  ,  0.  ,  0.  ],
 [ 0.  ,  0.  , -0.39,  1.  ,  0.  ,  0.  ,  0.  ,  0.  ,  0.  ,  0.  ,
   0.  ,  0.  ,  0.  ,  0.  ,  0.  ,  0.  ,  0.  ,  0.  ,  0.  ,  0.  ,
   0.  ,  0.  ,  0.  ,  0.  ,  0.  ],
 [ 0.  ,  0.  ,  0.  , -0.43,  1.  ,  0.  ,  0.  ,  0.  ,  0.  ,  0.  ,
   0.  ,  0.  ,  0.  ,  0.  ,  0.  ,  0.  ,  0.  ,  0.  ,  0.  ,  0.  ,
   0.  ,  0.  ,  0.  ,  0.  ,  0.  ],
 [-0.33,  0.  ,  0.  ,  0.  ,  0.  ,  1.  ,  0.  ,  0.  ,  0.  ,  0.  ,
   0.  ,  0.  ,  0.  ,  0.  ,  0.  ,  0.  ,  0.  ,  0.  ,  0.  ,  0.  ,
   0.  ,  0.  ,  0.  ,  0.  ,  0.  ],
 [ 0.  , -0.24, -0.11, -0.04, -0.03, -0.23,  1.  ,  0.  ,  0.  ,  0.  ,
   0.  ,  0.  ,  0.  ,  0.  ,  0.  ,  0.  ,  0.  ,  0.  ,  0.  ,  0.  ,
   0.  ,  0.  ,  0.  ,  0.  ,  0.  ],
 [ 0.  ,  0.  , -0.29, -0.1 , -0.08,  0.  , -0.4 ,  1.  ,  0.  ,  0.  ,
   0.  ,  0.  ,  0.  ,  0.  ,  0.  ,  0.  ,  0.  ,  0.  ,  0.  ,  0.  ,
   0.  ,  0.  ,  0.  ,  0.  ,  0.  ],
 [ 0.  ,  0.  ,  0.  , -0.36, -0.28,  0.  , -0.02, -0.4 ,  1.  ,  0.  ,
   0.  ,  0.  ,  0.  ,  0.  ,  0.  ,  0.  ,  0.  ,  0.  ,  0.  ,  0.  ,
   0.  ,  0.  ,  0.  ,  0.  ,  0.  ],
 [ 0.  ,  0.  ,  0.  ,  0.  , -0.56,  0.  , -0.01, -0.03, -0.45,  1.  ,
   0.  ,  0.  ,  0.  ,  0.  ,  0.  ,  0.  ,  0.  ,  0.  ,  0.  ,  0.  ,
   0.  ,  0.  ,  0.  ,  0.  ,  0.  ],
 [ 0.  ,  0.  ,  0.  ,  0.  ,  0.  , -0.46, -0.11, -0.05, -0.02, -0.02,
   1.  ,  0.  ,  0.  ,  0.  ,  0.  ,  0.  ,  0.  ,  0.  ,  0.  ,  0.  ,
   0.  ,  0.  ,  0.  ,  0.  ,  0.  ],
 [ 0.  ,  0.  ,  0.  ,  0.  ,  0.  ,  0.  , -0.26, -0.12, -0.05, -0.05,
  -0.29,  1.  ,  0.  ,  0.  ,  0.  ,  0.  ,  0.  ,  0.  ,  0.  ,  0.  ,
   0.  ,  0.  ,  0.  ,  0.  ,  0.  ],
 [ 0.  ,  0.  ,  0.  ,  0.  ,  0.  ,  0.  ,  0.  , -0.26, -0.09, -0.09,
  -0.01, -0.42,  1.  ,  0.  ,  0.  ,  0.  ,  0.  ,  0.  ,  0.  ,  0.  ,
   0.  ,  0.  ,  0.  ,  0.  ,  0.  ],
 [ 0.  ,  0.  ,  0.  ,  0.  ,  0.  ,  0.  ,  0.  ,  0.  , -0.31, -0.25,
  -0.01, -0.02, -0.4 ,  1.  ,  0.  ,  0.  ,  0.  ,  0.  ,  0.  ,  0.  ,
   0.  ,  0.  ,  0.  ,  0.  ,  0.  ],
 [ 0.  ,  0.  ,  0.  ,  0.  ,  0.  ,  0.  ,  0.  ,  0.  ,  0.  , -0.48,
  -0.01, -0.01, -0.03, -0.44,  1.  ,  0.  ,  0.  ,  0.  ,  0.  ,  0.  ,
   0.  ,  0.  ,  0.  ,  0.  ,  0.  ],
 [ 0.  ,  0.  ,  0.  ,  0.  ,  0.  ,  0.  ,  0.  ,  0.  ,  0.  ,  0.  ,
  -0.5 , -0.14, -0.07, -0.03, -0.04,  1.  ,  0.  ,  0.  ,  0.  ,  0.  ,
   0.  ,  0.  ,  0.  ,  0.  ,  0.  ],
 [ 0.  ,  0.  ,  0.  ,  0.  ,  0.  ,  0.  ,  0.  ,  0.  ,  0.  ,  0.  ,
   0.  , -0.27, -0.12, -0.05, -0.05, -0.31,  1.  ,  0.  ,  0.  ,  0.  ,
   0.  ,  0.  ,  0.  ,  0.  ,  0.  ],
 [ 0.  ,  0.  ,  0.  ,  0.  ,  0.  ,  0.  ,  0.  ,  0.  ,  0.  ,  0.  ,
   0.  ,  0.  , -0.26, -0.09, -0.08, -0.02, -0.43,  1.  ,  0.  ,  0.  ,
   0.  ,  0.  ,  0.  ,  0.  ,  0.  ],
 [ 0.  ,  0.  ,  0.  ,  0.  ,  0.  ,  0.  ,  0.  ,  0.  ,  0.  ,  0.  ,
   0.  ,  0.  ,  0.  , -0.3 , -0.24, -0.02, -0.03, -0.4 ,  1.  ,  0.  ,
   0.  ,  0.  ,  0.  ,  0.  ,  0.  ],
 [ 0.  ,  0.  ,  0.  ,  0.  ,  0.  ,  0.  ,  0.  ,  0.  ,  0.  ,  0.  ,
   0.  ,  0.  ,  0.  ,  0.  , -0.46, -0.01, -0.02, -0.03, -0.44,  1.  ,
   0.  ,  0.  ,  0.  ,  0.  ,  0.  ],
 [ 0.  ,  0.  ,  0.  ,  0.  ,  0.  ,  0.  ,  0.  ,  0.  ,  0.  ,  0.  ,
   0.  ,  0.  ,  0.  ,  0.  ,  0.  , -0.51, -0.15, -0.08, -0.04, -0.05,
   1.  ,  0.  ,  0.  ,  0.  ,  0.  ],
 [ 0.  ,  0.  ,  0.  ,  0.  ,  0.  ,  0.  ,  0.  ,  0.  ,  0.  ,  0.  ,
   0.  ,  0.  ,  0.  ,  0.  ,  0.  ,  0.  , -0.28, -0.13, -0.05, -0.05,
  -0.67,  1.  ,  0.  ,  0.  ,  0.  ],
 [ 0.  ,  0.  ,  0.  ,  0.  ,  0.  ,  0.  ,  0.  ,  0.  ,  0.  ,  0.  ,
   0.  ,  0.  ,  0.  ,  0.  ,  0.  ,  0.  ,  0.  , -0.26, -0.09, -0.08,
  -0.06, -0.72,  1.  ,  0.  ,  0.  ],
 [ 0.  ,  0.  ,  0.  ,  0.  ,  0.  ,  0.  ,  0.  ,  0.  ,  0.  ,  0.  ,
   0.  ,  0.  ,  0.  ,  0.  ,  0.  ,  0.  ,  0.  ,  0.  , -0.3 , -0.23,
  -0.04, -0.06, -0.68,  1.  ,  0.  ],
 [ 0.  ,  0.  ,  0.  ,  0.  ,  0.  ,  0.  ,  0.  ,  0.  ,  0.  ,  0.  ,
   0.  ,  0.  ,  0.  ,  0.  ,  0.  ,  0.  ,  0.  ,  0.  ,  0.  ,  0.  ,
   0.  ,  0.  ,  0.  ,  0.  ,  1.  ]]

U matrix:
[[ 1.00e+00,  0.00e+00,  0.00e+00,  0.00e+00,  0.00e+00,  0.00e+00,
   0.00e+00,  0.00e+00,  0.00e+00,  0.00e+00,  0.00e+00,  0.00e+00,
   0.00e+00,  0.00e+00,  0.00e+00,  0.00e+00,  0.00e+00,  0.00e+00,
   0.00e+00,  0.00e+00,  0.00e+00,  0.00e+00,  0.00e+00,  0.00e+00,
   0.00e+00],
 [ 0.00e+00,  1.19e+00, -4.00e-01,  0.00e+00,  0.00e+00,  0.00e+00,
  -2.86e-01,  0.00e+00,  0.00e+00,  0.00e+00,  0.00e+00,  0.00e+00,
   0.00e+00,  0.00e+00,  0.00e+00,  0.00e+00,  0.00e+00,  0.00e+00,
   0.00e+00,  0.00e+00,  0.00e+00,  0.00e+00,  0.00e+00,  0.00e+00,
   0.00e+00],
 [ 0.00e+00,  0.00e+00,  8.48e-01, -3.33e-01,  0.00e+00,  0.00e+00,
  -9.64e-02, -2.50e-01,  0.00e+00,  0.00e+00,  0.00e+00,  0.00e+00,
   0.00e+00,  0.00e+00,  0.00e+00,  0.00e+00,  0.00e+00,  0.00e+00,
   0.00e+00,  0.00e+00,  0.00e+00,  0.00e+00,  0.00e+00,  0.00e+00,
   0.00e+00],
 [ 0.00e+00,  0.00e+00,  0.00e+00,  9.36e-01, -4.00e-01,  0.00e+00,
  -3.79e-02, -9.82e-02, -3.33e-01,  0.00e+00,  0.00e+00,  0.00e+00,
   0.00e+00,  0.00e+00,  0.00e+00,  0.00e+00,  0.00e+00,  0.00e+00,
   0.00e+00,  0.00e+00,  0.00e+00,  0.00e+00,  0.00e+00,  0.00e+00,
   0.00e+00],
 [ 0.00e+00,  0.00e+00,  0.00e+00,  0.00e+00,  5.15e-01,  0.00e+00,
  -1.62e-02, -4.20e-02, -1.42e-01, -2.86e-01,  0.00e+00,  0.00e+00,
   0.00e+00,  0.00e+00,  0.00e+00,  0.00e+00,  0.00e+00,  0.00e+00,
   0.00e+00,  0.00e+00,  0.00e+00,  0.00e+00,  0.00e+00,  0.00e+00,
   0.00e+00],
 [ 0.00e+00,  0.00e+00,  0.00e+00,  0.00e+00,  0.00e+00,  1.08e+00,
  -2.50e-01,  0.00e+00,  0.00e+00,  0.00e+00, -5.00e-01,  0.00e+00,
   0.00e+00,  0.00e+00,  0.00e+00,  0.00e+00,  0.00e+00,  0.00e+00,
   0.00e+00,  0.00e+00,  0.00e+00,  0.00e+00,  0.00e+00,  0.00e+00,
   0.00e+00],
 [ 0.00e+00,  0.00e+00,  0.00e+00,  0.00e+00,  0.00e+00,  0.00e+00,
   1.08e+00, -4.34e-01, -1.80e-02, -8.99e-03, -1.15e-01, -2.86e-01,
   0.00e+00,  0.00e+00,  0.00e+00,  0.00e+00,  0.00e+00,  0.00e+00,
   0.00e+00,  0.00e+00,  0.00e+00,  0.00e+00,  0.00e+00,  0.00e+00,
   0.00e+00],
 [ 0.00e+00,  0.00e+00,  0.00e+00,  0.00e+00,  0.00e+00,  0.00e+00,
   0.00e+00,  9.72e-01, -3.87e-01, -2.69e-02, -4.63e-02, -1.15e-01,
  -2.50e-01,  0.00e+00,  0.00e+00,  0.00e+00,  0.00e+00,  0.00e+00,
   0.00e+00,  0.00e+00,  0.00e+00,  0.00e+00,  0.00e+00,  0.00e+00,
   0.00e+00],
 [ 0.00e+00,  0.00e+00,  0.00e+00,  0.00e+00,  0.00e+00,  0.00e+00,
   0.00e+00,  0.00e+00,  1.09e+00, -4.90e-01, -2.03e-02, -5.04e-02,
  -9.96e-02, -3.33e-01,  0.00e+00,  0.00e+00,  0.00e+00,  0.00e+00,
   0.00e+00,  0.00e+00,  0.00e+00,  0.00e+00,  0.00e+00,  0.00e+00,
   0.00e+00],
 [ 0.00e+00,  0.00e+00,  0.00e+00,  0.00e+00,  0.00e+00,  0.00e+00,
   0.00e+00,  0.00e+00,  0.00e+00,  5.91e-01, -1.14e-02, -2.82e-02,
  -5.18e-02, -1.50e-01, -2.86e-01,  0.00e+00,  0.00e+00,  0.00e+00,
   0.00e+00,  0.00e+00,  0.00e+00,  0.00e+00,  0.00e+00,  0.00e+00,
   0.00e+00],
 [ 0.00e+00,  0.00e+00,  0.00e+00,  0.00e+00,  0.00e+00,  0.00e+00,
   0.00e+00,  0.00e+00, -3.47e-18,  1.73e-18,  1.00e+00, -2.87e-01,
  -1.48e-02, -9.13e-03, -5.51e-03, -5.00e-01,  0.00e+00,  0.00e+00,
   0.00e+00,  0.00e+00,  0.00e+00,  0.00e+00,  0.00e+00,  0.00e+00,
   0.00e+00],
 [ 0.00e+00,  0.00e+00,  0.00e+00,  0.00e+00,  0.00e+00,  0.00e+00,
   0.00e+00,  0.00e+00,  0.00e+00,  0.00e+00,  0.00e+00,  1.05e+00,
  -4.41e-01, -2.52e-02, -1.52e-02, -1.43e-01, -2.86e-01,  0.00e+00,
   0.00e+00,  0.00e+00,  0.00e+00,  0.00e+00,  0.00e+00,  0.00e+00,
   0.00e+00],
 [ 0.00e+00,  0.00e+00,  0.00e+00,  0.00e+00,  0.00e+00,  0.00e+00,
   0.00e+00,  0.00e+00,  0.00e+00,  6.94e-18,  0.00e+00,  5.55e-17,
   9.70e-01, -3.88e-01, -3.15e-02, -6.76e-02, -1.20e-01, -2.50e-01,
   0.00e+00,  0.00e+00,  0.00e+00,  0.00e+00,  0.00e+00,  0.00e+00,
   0.00e+00],
 [ 0.00e+00,  0.00e+00,  0.00e+00,  0.00e+00,  0.00e+00,  0.00e+00,
   0.00e+00,  0.00e+00,  0.00e+00,  0.00e+00,  0.00e+00,  0.00e+00,
   0.00e+00,  1.10e+00, -4.86e-01, -3.50e-02, -5.50e-02, -1.00e-01,
  -3.33e-01,  0.00e+00,  0.00e+00,  0.00e+00,  0.00e+00,  0.00e+00,
   0.00e+00],
 [ 0.00e+00,  0.00e+00,  0.00e+00,  0.00e+00,  0.00e+00,  0.00e+00,
   0.00e+00,  0.00e+00,  0.00e+00,  0.00e+00,  0.00e+00,  0.00e+00,
   0.00e+00,  0.00e+00,  6.18e-01, -2.24e-02, -3.23e-02, -5.21e-02,
  -1.47e-01, -2.86e-01,  0.00e+00,  0.00e+00,  0.00e+00,  0.00e+00,
   0.00e+00],
 [ 0.00e+00,  0.00e+00,  0.00e+00,  0.00e+00,  0.00e+00,  0.00e+00,
   0.00e+00,  0.00e+00,  0.00e+00,  0.00e+00,  0.00e+00,  0.00e+00,
   0.00e+00,  0.00e+00,  0.00e+00,  9.75e-01, -3.00e-01, -2.25e-02,
  -1.59e-02, -1.04e-02, -5.00e-01,  0.00e+00,  0.00e+00,  0.00e+00,
   0.00e+00],
 [ 0.00e+00,  0.00e+00,  0.00e+00,  0.00e+00,  0.00e+00,  0.00e+00,
   0.00e+00,  0.00e+00,  0.00e+00,  0.00e+00,  0.00e+00,  0.00e+00,
   0.00e+00,  0.00e+00,  0.00e+00,  0.00e+00,  1.03e+00, -4.46e-01,
  -2.92e-02, -1.81e-02, -1.54e-01, -2.86e-01,  0.00e+00,  0.00e+00,
   0.00e+00],
 [ 0.00e+00,  0.00e+00,  0.00e+00,  0.00e+00,  0.00e+00,  0.00e+00,
   0.00e+00,  0.00e+00,  0.00e+00,  0.00e+00,  0.00e+00,  0.00e+00,
   0.00e+00,  0.00e+00,  0.00e+00,  0.00e+00,  0.00e+00,  9.62e-01,
  -3.89e-01, -3.21e-02, -7.81e-02, -1.23e-01, -2.50e-01,  0.00e+00,
   0.00e+00],
 [ 0.00e+00,  0.00e+00,  0.00e+00,  0.00e+00,  0.00e+00,  0.00e+00,
   0.00e+00,  0.00e+00,  0.00e+00,  0.00e+00,  0.00e+00,  0.00e+00,
   0.00e+00,  0.00e+00,  0.00e+00,  0.00e+00,  0.00e+00,  0.00e+00,
   1.11e+00, -4.81e-01, -4.41e-02, -5.80e-02, -1.01e-01, -3.33e-01,
   0.00e+00],
 [ 0.00e+00,  0.00e+00,  0.00e+00,  0.00e+00,  0.00e+00,  0.00e+00,
   0.00e+00,  0.00e+00,  0.00e+00,  0.00e+00,  0.00e+00,  0.00e+00,
   0.00e+00,  0.00e+00,  0.00e+00,  0.00e+00,  3.47e-18,  0.00e+00,
   0.00e+00,  6.28e-01, -2.98e-02, -3.44e-02, -5.23e-02, -1.45e-01,
  -2.86e-01],
 [ 0.00e+00,  0.00e+00,  0.00e+00,  0.00e+00,  0.00e+00,  0.00e+00,
   0.00e+00,  0.00e+00,  0.00e+00,  0.00e+00,  0.00e+00,  0.00e+00,
   0.00e+00,  0.00e+00,  0.00e+00, -5.55e-17,  0.00e+00,  0.00e+00,
   0.00e+00,  0.00e+00,  4.61e-01, -3.07e-01, -2.68e-02, -2.02e-02,
  -1.36e-02],
 [ 0.00e+00,  0.00e+00,  0.00e+00,  0.00e+00,  0.00e+00,  0.00e+00,
   0.00e+00,  0.00e+00,  0.00e+00,  0.00e+00,  0.00e+00,  0.00e+00,
   0.00e+00,  0.00e+00,  0.00e+00,  0.00e+00,  0.00e+00,  1.39e-17,
   0.00e+00,  0.00e+00,  0.00e+00,  6.32e-01, -4.58e-01, -3.88e-02,
  -2.46e-02],
 [ 0.00e+00,  0.00e+00,  0.00e+00,  0.00e+00,  0.00e+00,  0.00e+00,
   0.00e+00,  0.00e+00,  0.00e+00,  0.00e+00,  0.00e+00,  0.00e+00,
   0.00e+00,  0.00e+00,  0.00e+00,  0.00e+00,  0.00e+00, -2.78e-17,
   0.00e+00,  0.00e+00,  0.00e+00,  0.00e+00,  5.24e-01, -3.58e-01,
  -4.24e-02],
 [ 0.00e+00,  0.00e+00,  0.00e+00,  0.00e+00,  0.00e+00,  0.00e+00,
   0.00e+00,  0.00e+00,  0.00e+00,  0.00e+00,  0.00e+00,  0.00e+00,
   0.00e+00,  0.00e+00,  0.00e+00,  0.00e+00,  0.00e+00,  0.00e+00,
   0.00e+00,  0.00e+00,  0.00e+00,  0.00e+00,  0.00e+00,  5.71e-01,
  -4.30e-01],
 [ 0.00e+00,  0.00e+00,  0.00e+00,  0.00e+00,  0.00e+00,  0.00e+00,
   0.00e+00,  0.00e+00,  0.00e+00,  0.00e+00,  0.00e+00,  0.00e+00,
   0.00e+00,  0.00e+00,  0.00e+00,  0.00e+00,  0.00e+00,  0.00e+00,
   0.00e+00,  0.00e+00,  0.00e+00,  0.00e+00,  0.00e+00,  0.00e+00,
   1.00e+00]]

Node Voltages:
Node 1: 10.00 V
Node 2: 8.27 V
Node 3: 7.03 V
Node 4: 6.08 V
Node 5: 5.72 V
Node 6: 7.79 V
Node 7: 7.00 V
Node 8: 6.29 V
Node 9: 5.55 V
Node 10: 5.22 V
Node 11: 6.71 V
Node 12: 6.02 V
Node 13: 5.42 V
Node 14: 4.68 V
Node 15: 4.27 V
Node 16: 5.97 V
Node 17: 5.26 V
Node 18: 4.59 V
Node 19: 3.57 V
Node 20: 2.73 V
Node 21: 5.59 V
Node 22: 4.83 V
Node 23: 4.04 V
Node 24: 2.46 V
Node 25: 0.00 V

Currents through each link:
Current between Node 1 and Node 2: 0.86 A
Current between Node 1 and Node 6: 0.74 A
Current between Node 2 and Node 3: 0.50 A
Current between Node 2 and Node 7: 0.36 A
Current between Node 3 and Node 4: 0.32 A
Current between Node 3 and Node 8: 0.18 A
Current between Node 4 and Node 5: 0.14 A
Current between Node 4 and Node 9: 0.17 A
Current between Node 5 and Node 10: 0.14 A
Current between Node 6 and Node 7: 0.20 A
Current between Node 6 and Node 11: 0.54 A
Current between Node 7 and Node 8: 0.28 A
Current between Node 7 and Node 12: 0.28 A
Current between Node 8 and Node 9: 0.25 A
Current between Node 8 and Node 13: 0.22 A
Current between Node 9 and Node 10: 0.13 A
Current between Node 9 and Node 14: 0.29 A
Current between Node 10 and Node 15: 0.27 A
Current between Node 11 and Node 12: 0.17 A
Current between Node 11 and Node 16: 0.37 A
Current between Node 12 and Node 13: 0.24 A
Current between Node 12 and Node 17: 0.22 A
Current between Node 13 and Node 14: 0.25 A
Current between Node 13 and Node 18: 0.21 A
Current between Node 14 and Node 15: 0.17 A
Current between Node 14 and Node 19: 0.37 A
Current between Node 15 and Node 20: 0.44 A
Current between Node 16 and Node 17: 0.18 A
Current between Node 16 and Node 21: 0.19 A
Current between Node 17 and Node 18: 0.27 A
Current between Node 17 and Node 22: 0.12 A
Current between Node 18 and Node 19: 0.34 A
Current between Node 18 and Node 23: 0.14 A
Current between Node 19 and Node 20: 0.34 A
Current between Node 19 and Node 24: 0.37 A
Current between Node 20 and Node 25: 0.78 A
Current between Node 21 and Node 22: 0.19 A
Current between Node 22 and Node 23: 0.31 A
Current between Node 23 and Node 24: 0.45 A
Current between Node 24 and Node 25: 0.82 A

